VERSION=3
format=print
type=btree
duplicates=1
db_pagesize=8192
HEADER=END
            0
  
            0
  
            0
  
            0
  
            0
  
            0
  
            0
  
            0
  
            0
  
            0
  
            0
  
            0
  
            0
  
            0
  
            0
  
            0
  
            0
  
            0
  
            0
  
            0
  
            0
  
            0
  
            0
  
            0
  
            0
  
            0
  
            0
  
            0
  
            0
  
            0
  
            0
  
            0
  
            0
  
            0
  
            0
  
            0
  
            0
  
            0
  
            0
  
            0
  
            0
  
            0
  
            0
  
            0
  
            0
  
            0
  
            0
  
            0
  
            0
  
            0
  
            0
  
            0
  
            0
  
            0
  
            0
  
            0
  
            0
  
            0
  
            0
  
            0
  
            0
  
            0
  
            0
  
            0
  
            0
  
            0
  
            0
  
            0
  
            0
  
            0
  
            0
  
            0
  
            0
  
            0
  
            0
  
            0
  
            0
  
            0
  
            0
  
            0
  
            0
  
            0
  
            0
  
            0
  
            0
  
            0
  
            0
  
            0
  
            0
  
            0
  
            0
  
            0
  
            0
  
            0
  
            0
  
            0
  
            0
  
            0
  
            0
  
            0
  
            0
  
            0
  
            0
  
            0
  
            0
  
            0
  
            0
  
            0
  
            0
  
            0
  
            0
  
            0
  
            0
  
            0
  
            0
  
            0
  
            0
  
            0
  
            0
  
            0
  
            0
  
            0
  
            0
  
            0
  
            0
  
            0
  
            0
  
            0
  
            0
  
            0
  
            0
  
            0
  
            0
  
            0
  
            0
  
            0
  
            0
  
            0
  
            0
  
            0
  
            0
  
            0
  
            0
  
            0
  
            0
  
            0
  
            0
  
            0
  
            0
  
            0
  
            0
  
            0
  
            0
  
            0
  
            0
  
            0
  
            0
  
            0
  
            0
  
            0
  
            0
  
            0
  
            0
  
            0
  
            0
  
            0
  
            0
  
            0
  
            0
  
            0
  
            0
  
            0
  
            0
  
            0
  
            0
  
            0
  
            0
  
            0
  
            0
  
            0
  
            0
  
            0
  
            0
  
            0
  
            0
  
            0
  
            0
  
            0
  
            0
  
            0
  
            0
  
            0
  
            0
  
            0
  
            0
  
            0
  
            0
  
            0
  
            0
  
            0
  
            0
  
            0
  
            0
  
            0
  
            0
  
            0
  
            0
  
            0
  
            0
  
            0
  
            0
  
            0
  
            0
  
            0
  
            0
  
            0
  
            0
  
            0
  
            0
  
            0
  
            0
  
            0
  
            0
  
            0
  
            0
  
            0
  
            0
  
            0
  
            1
  
            1
  
            1
  
            2
  
            2
  
            2
  
            2
  
            3
  
            3
  
            3
  
            3
  
            3
  
            3
  
            4
  
            4
  
            4
  
            4
  
            5
  
            5
  
            5
  
            5
  
            5
  
            5
  
            5
  
            5
  
            5
  
            5
  
            5
  
            5
  
            5
  
            5
  
            5
  
            5
  
            5
  
            5
  
            5
  
            5
  
            5
  
            5
  
            5
  
            5
  
            5
  
            5
  
            5
  
            5
  
            5
  
            6
  
            6
  
            6
  
            6
  
            7
  
            7
  
            8
  
            8
  
            8
  
            8
  
            8
  
            8
  
            8
  
            8
  
            8
  
            8
  
            8
  
            8
  
            8
  
            9
  
           10
  
           10
  
           10
  
           10
  
           10
  
           10
  
           10
  
           10
  
           10
  
           10
  
           10
  
           10
  
           10
  
           10
  
           10
  
           10
  
           10
  
           10
  
           10
  
           10
  
           10
  
           10
  
           10
  
           10
  
           10
  
           10
  
           10
  
           10
  
           10
  
           10
  
           10
  
           10
  
           10
  
           10
  
           10
  
           10
  
           10
  
           10
  
           10
  
           10
  
           10
  
           10
  
           10
  
           10
  
           10
  
           10
  
           10
  
           10
  
           10
  
           10
  
           10
  
           10
  
           10
  
           10
  
           10
  
           10
  
           10
  
           10
  
           10
  
           10
  
           10
  
           10
  
           10
  
           10
  
           10
  
           10
  
           10
  
           10
  
           10
  
           10
  
           10
  
           10
  
           10
  
           10
  
           10
  
           10
  
           10
  
           10
  
           10
  
           10
  
           10
  
           10
  
           10
  
           10
  
           10
  
           10
  
           10
  
           11
  
           12
  
           12
  
           12
  
           12
  
           14
  
           14
  
           15
  
           15
  
           15
  
           15
  
           15
  
           15
  
           15
  
           15
  
           15
  
           15
  
           15
  
           15
  
           15
  
           15
  
           15
  
           15
  
           15
  
           15
  
           15
  
           15
  
           15
  
           15
  
           15
  
           15
  
           15
  
           15
  
           15
  
           15
  
           15
  
           15
  
           15
  
           15
  
           15
  
           15
  
           15
  
           15
  
           15
  
           15
  
           15
  
           15
  
           15
  
           15
  
           15
  
           15
  
           15
  
           15
  
           15
  
           15
  
           15
  
           15
  
           15
  
           15
  
           15
  
           15
  
           15
  
           15
  
           15
  
           15
  
           15
  
           15
  
           18
  
           20
  
           20
  
           20
  
           20
  
           20
  
           20
  
           20
  
           20
  
           20
  
           20
  
           20
  
           20
  
           20
  
           20
  
           20
  
           20
  
           20
  
           20
  
           20
  
           20
  
           20
  
           20
  
           20
  
           20
  
           20
  
           20
  
           20
  
           20
  
           20
  
           20
  
           20
  
           20
  
           20
  
           20
  
           20
  
           20
  
           20
  
           20
  
           20
  
           20
  
           20
  
           20
  
           20
  
           20
  
           20
  
           20
  
           20
  
           20
  
           20
  
           20
  
           20
  
           20
  
           20
  
           20
  
           20
  
           20
  
           20
  
           20
  
           20
  
           20
  
           20
  
           20
  
           24
  
           25
  
           25
  
           25
  
           25
  
           25
  
           25
  
           25
  
           25
  
           25
  
           25
  
           25
  
           25
  
           25
  
           25
  
           25
  
           25
  
           25
  
           25
  
           25
  
           25
  
           25
  
           25
  
           25
  
           25
  
           25
  
           25
  
           25
  
           25
  
           26
  
           30
  
           30
  
           30
  
           30
  
           30
  
           30
  
           30
  
           30
  
           30
  
           30
  
           30
  
           30
  
           30
  
           30
  
           30
  
           30
  
           30
  
           30
  
           30
  
           30
  
           30
  
           30
  
           30
  
           30
  
           30
  
           30
  
           30
  
           30
  
           30
  
           30
  
           30
  
           30
  
           30
  
           30
  
           30
  
           30
  
           30
  
           30
  
           30
  
           30
  
           30
  
           30
  
           30
  
           30
  
           30
  
           30
  
           30
  
           30
  
           32
  
           35
  
           35
  
           35
  
           35
  
           35
  
           35
  
           35
  
           35
  
           35
  
           35
  
           35
  
           35
  
           35
  
           35
  
           35
  
           35
  
           35
  
           35
  
           36
  
           40
  
           40
  
           40
  
           40
  
           40
  
           40
  
           40
  
           40
  
           40
  
           40
  
           40
  
           40
  
           40
  
           40
  
           40
  
           40
  
           40
  
           40
  
           40
  
           40
  
           40
  
           40
  
           40
  
           40
  
           40
  
           40
  
           40
  
           40
  
           40
  
           40
  
           40
  
           40
  
           40
  
           40
  
           40
  
           40
  
           40
  
           40
  
           40
  
           40
  
           40
  
           40
  
           40
  
           40
  
           40
  
           40
  
           45
  
           45
  
           45
  
           45
  
           45
  
           45
  
           45
  
           45
  
           45
  
           45
  
           45
  
           50
  
           50
  
           50
  
           50
  
           50
  
           50
  
           50
  
           50
  
           50
  
           50
  
           50
  
           50
  
           50
  
           50
  
           50
  
           50
  
           50
  
           50
  
           50
  
           50
  
           50
  
           50
  
           50
  
           50
  
           50
  
           50
  
           50
  
           50
  
           50
  
           50
  
           50
  
           50
  
           50
  
           50
  
           50
  
           50
  
           50
  
           50
  
           50
  
           50
  
           50
  
           50
  
           50
  
           50
  
           50
  
           50
  
           55
  
           55
  
           55
  
           60
  
           60
  
           60
  
           60
  
           60
  
           60
  
           60
  
           60
  
           60
  
           60
  
           60
  
           60
  
           60
  
           60
  
           60
  
           60
  
           60
  
           60
  
           60
  
           60
  
           60
  
           60
  
           60
  
           60
  
           60
  
           60
  
           60
  
           65
  
           65
  
           65
  
           65
  
           69
  
           70
  
           70
  
           70
  
           70
  
           70
  
           70
  
           70
  
           75
  
           75
  
           75
  
           75
  
           75
  
           75
  
           75
  
           75
  
           75
  
           75
  
           75
  
           75
  
           75
  
           79
  
           79
  
           80
  
           80
  
           80
  
           80
  
           80
  
           80
  
           80
  
           80
  
           80
  
           80
  
           80
  
           80
  
           80
  
           80
  
           80
  
           80
  
           80
  
           80
  
           80
  
           80
  
           80
  
           80
  
           80
  
           80
  
           85
  
           85
  
           85
  
           90
  
           99
  
          100
  
          100
  
          100
  
          100
  
          100
  
          100
  
          100
  
          100
  
          100
  
          100
  
          100
  
          100
  
          100
  
          100
  
          100
  
          102
  
          110
  
          110
  
          110
  
          110
  
          115
  
          119
  
          120
  
          120
  
          120
  
          120
  
          125
  
          125
  
          125
  
          125
  
          125
  
          125
  
          125
  
          125
  
          125
  
          125
  
          125
  
          129
  
          129
  
          129
  
          130
  
          130
  
          130
  
          130
  
          139
  
          140
  
          140
  
          140
  
          140
  
          145
  
          150
  
          150
  
          150
  
          150
  
          150
  
          150
  
          150
  
          150
  
          150
  
          150
  
          150
  
          150
  
          150
  
          150
  
          150
  
          159
  
          160
  
          165
  
          165
  
          175
  
          180
  
          180
  
          180
  
          185
  
          185
  
          189
  
          195
  
          195
  
          199
  
          199
  
          199
  
          199
  
          200
  
          200
  
          200
  
          200
  
          200
  
          200
  
          200
  
          200
  
          219
  
          220
  
          220
  
          225
  
          225
  
          225
  
          235
  
          240
  
          240
  
          240
  
          245
  
          249
  
          249
  
          249
  
          250
  
          250
  
          250
  
          250
  
          250
  
          250
  
          250
  
          250
  
          250
  
          260
  
          260
  
          275
  
          275
  
          275
  
          300
  
          300
  
          300
  
          300
  
          300
  
          300
  
          300
  
          300
  
          300
  
          300
  
          350
  
          350
  
          350
  
          350
  
          350
  
          380
  
          399
  
          400
  
          400
  
          400
  
          400
  
          425
  
          450
  
          450
  
          480
  
          480
  
          495
  
          495
  
          499
  
          500
  
          500
  
          500
  
          500
  
          500
  
          500
  
          525
  
          549
  
          550
  
          550
  
          600
  
          600
  
          650
  
          650
  
          650
  
          749
  
          750
  
          750
  
          750
  
          799
  
          799
  
          800
  
          800
  
          939
  
          939
  
         1000
  
         1099
  
         1100
  
         1100
  
         1200
  
         1295
  
         1295
  
         1400
  
         1595
  
         1600
  
         1630
  
         1699
  
         1699
  
         1795
  
         1899
  
         1995
  
         2500
  
         2799
  
         2800
  
         3000
  
         3095
  
         3500
  
         3995
  
         4200
  
         8500
  
        15000
  
        35000
  
        50000
  
      1000000
  
      1000000
  
DATA=END
